2602064
2559813
2561503
2629394
2622703
2624885
2557804
2639261
2106364
2473355
2493464
2627821
2633521
2627834
2623041
2622307
2557365
2430735
2654640
2568137
2650173
2608438
2516003
2615328
2613582
2659145
2582217
2562591
2560468
2545971
2540039
2105762
2583321
2107247
2622689
2413931
2622961
2623598
2503217
2647787
2602065
2568594
2651505
2377445
2492084
2558143
2545927
2490752
2617176
2647666
2653625
2573435
2561804
2562046
2544951
2560375
2611759
2589991
2556850
2624003
2645834
2589104
2545905
2548992
2398482
2616215
2647800
2579979
2567634
2490750
2643898
2563086
2443013
2562015
2511624
2645981
2624678
2651447
2561718
2623737
2655384
2627783
2583528
2658978
2640946
2496902
2563757
2549522
2563833
2110892
2618445
2655080
2658078
2648853
2653112
2105767
2105766
2594528
2643874
2560381
2623038
2561238
2623040
2568588
2561603
2568104
2647790
2652275
2545922
2107244
2645133
2623597
2645842
2568176
2110896
2548993
2474173
2595100
2482292
2644255
2490828
2406212
2628185
2545920
2614250
2107248
2542552
2516021
1896202
2657075
2572526
2602403
2596292
2660616
2518018
2584653
2609196
2538936
2560603
2613310
2588852
2617115
2499623
2556905
2537045
2645308
2598947
2554284
2484219
2544506
2532757
2660951
2609943
2647066
2661079
2661358
1863812
1917637
2656220
2504203
2613452
2524628
2543870
2585431
2659255
2566273
2528606
2607816
2586897
2533864
2655073
2532882
2523413
2578546
2317097
2612668
1790457
2551291
2487573
2624246
2612239
2659146
2615948
2597536
2550742
2581355
2366254
2535300
2579810
2650034
2649361
2613443
2579325
2649022
1922510
2657296
2592120
2318567
2572399
2616334
2616888
2599470
2473250
2631519
2657328
2492969
2578207
2528611
2575444
2565131
2657511
2659590
2644067
2537483
2661483
2545378
1871570
2490087
2556813
2573834
2576116
2638659
1927323
2646147
2656839
1925534
2457603
2584161
2655090
2629900
2643367
1912019
2643849
2613824
2487926
2531478
2649139
2607275
2562970
2604586
2513405
2591744
2319767
2530319
2660293
2614158
2659004
1925533
1922481
2618112
2503347
2585415
2554211
2657863
2638362
2612941
2649987
2656297
2475801
2528288
2621879
2660479
2582215
2549595
2528396
2661288
2554306
2601779
2562846
2661386
2486633
2491012
2452025
2537849
2440451
2502417
2629833
2533606
2534195
2649430
2542674
2607784
2590817
2658736
2658824
2622080
2641345
2614716
2612744
2624838
2613081
2621577
2652218
2531220
2589469
2603634
2531378
2586734
2649158
1895108
2657836
2578339
2483251
2635724
2594935
1889678
2576523
2659867
2493349
2588122
2596050
2593628
2615676
2654483
2659001
2652659
2573964
2612346
2543271
2652632
2623174
2599264
2654381
2661373
2601825
2628911
2484055
2612292
2618104
2606743
2653422
2471684
2483532
2620378
2580566
1837608
2649248
2661399
2521044
2655118
2558251
2661378
2516898
2587111
2480956
2562562
2504644
2589016
2660202
2657633
2621817
2596267
2608015
2609774
2660949
2589408
2588206
2660179
2604731
2457951
2526178
2654765
2560893
2609764
2643095
2475748
2561323
2619426
2472995
2389168
2611779
2617423
2639437
2657791
2642142
2661369
2559501
2615617
2593817
2605336
2488962
2544583
2529947
2579195
2565309
2661389
2590366
2438184
1889679
2622813
2529395
2613474
2504259
2602033
2657251
2649569
2593599
2544003
1896150
2588995
2466374
2524047
2546405
2652636
2593219
2643422
2633631
2660339
2622992
2488432
2540105
2615572
2591747
2648920
2603199
2576914
2468620
2661414
2550701
2617480
2657749
2365060
2566440
2654380
2584152
2478615
2579668
2571935
1896153
2573715
2366282
2622087
2613060
2658825
2599234
2494440
2646798
2608382
2605785
1816634
2607641
2575137
1896199
1856962
2659891
2654619
2459941
2653423
2607437
2363272
2623863
2603799
2454586
2643092
2576889
2608384
2629209
2570612
2554828
2655951
2613669
2579865
2506589
1882769
2566438
2397248
2310367
2660010
2494546
2596656
2573055
2657576
2480473
2634735
2614934
2575112
2595891
2660183
1914935
2654304
2575164
2660350
2658714
2468749
2653342
2612055
2618129
2580110
2521026
2462451
2527450
2473385
2526900
2556020
2660110
2628461
2657628
2645607
2611796
2616661
2586117
1917567
2653684
2618803
2618102
2469845
1922303
2555260
2457674
2532879
2612848
2558452
2578424
2535235
2581393
2574784
2562392
2661372
2490054
2656554
2660690
2585412
2573174
2606503
2455230
2348789
2566343
2599474
1917810
2645536
2607667
1858582
2618826
2610676
2366116
2643098
2528639
2558931
2454402
2525320
2661221
2649775
2620293
2505358
2614606
2529714
1734005
2523619
2602016
1811770
2567347
2536179
2500380
2462406
2614174
2630218
1917806
2610525
2549399
2657425
2624277
2655700
2542745
2464339
2616264
2651274
2627071
2657899
2647918
2615740
2566621
2567230
1864089
2458304
1922288
2531158
2639621
2460496
2366148
2608261
2400481
2605569
2538568
2611528
2482389
2657609
2458303
1876541
2546084
2656766
2645532
2608017
2566123
2657191
2661391
2623233
2661337
2511293
2455232
2609139
2468735
2543367
2544031
2655160
2659378
2654992
2594673
2607125
2512752
2613475
2513371
2326936
1889342
2657292
2595162
2624451
2549696
2647766
2657794
2614127
2615490
2617338
2643749
2657314
2634719
2657534
2661226
2661291
2599181
2613788
2612988
2659257
2573716
1922357
2492678
2615613
2638178
2562410
2554061
1936988
2618133
2617589
2402449
2612669
2655755
2580495
2514736
2580980
2530394
2618325
2622807
2621813
2518166
2656546
2660190
2628726
2518011
2642844
2660415
2490960
2657870
2636920
2633876
2660901
2110891
2110900
2654535
2544979
2105656
2643281
2470224
2566152
2570415
2518069
2527565
2110857
2489492
2110860
2644118
2651729
2106408
2545886
2642319
2653117
2110854
2502045
2647272
2652885
2622698
2568105
2647244
2656178
2642553
2471104
2656055
2628183
2493470
2648870
2628192
2110902
2110889
2549024
2536697
2575726
2591323
2599619
2487848
2565178
2630225
2377012
2605780
2597938
2610827
2598053
2660200
2598153
2605691
2473737
2646549
1779638
2661388
1779999
2573181
2607126
2478979
2475424
2458301
2618312
2649251
2556716
2575709
2550426
2656036
2603898
2531807
2643848
2611475
2659259
2582612
2615935
2506876
2622910
2557650
2597555
2607821
2621314
2632855
2533491
2649654
2533041
2567493
2511260
2361860
1976208
2544008
2649242
2654492
2609987
2564325
2532877
2657080
2510805
2539805
2371852
2651782
2655719
2620703
2661409
2648260
2557905
2628920
2578396
2603260
2584765
1875385
2612846
2556643
2607643
2467756
2633418
2504990
2580137
2553722
2603039
2642415
2486632
2588989
2615681
2657683
2584571
2603400
2642336
2543258
1893854
2557656
2483244
2643290
2382697
2660159
2658471
2475423
2628709
2652891
2654486
2544000
2617656
2544495
2607429
2461562
2617819
2566672
2657905
2643494
2593774
2458273
2651180
2615936
2511744
2573168
2617860
2356742
2609380
2334737
2625125
2590822
2616460
2531822
1858588
2527649
2523721
2657795
2564175
2616461
2523717
2608620
2546505
2562455
2523644
2505557
2549397
2611982
2615944
2605349
1913285
2564993
2554016
1912865
2651728
2511367
2478698
2613588
2467659
2636469
2603263
2658817
2356218
2522786
2658926
2658981
2629219
2651892
2416826
2575571
2398487
2561047
2616565
2563825
2607829
2483735
2623788
2625183
2563850
2565218
2624444
2623639
2614262
2544937
2545911
2563935
2548961
2623596
2560833
2565998
2562057
2568475
2624647
2590418
2570004
2504252
2618451
2589952
2619874
2560981
2563810
2563082
2398484
2650068
2569231
2656924
2507071
2637569
2611820
2623206
2652645
2657518
2628450
2661224
2389853
2593177
2558141
2519888
2649647
2537442
2538050
2530395
2491118
2649986
2588123
1911864
2548105
2568710
2466775
2643421
2650771
2342872
2614361
2658875
2610438
1838135
2554867
2660274
2638961
2647582
2660939
2661432
2528610
1896380
2547304
2660477
2593214
2652820
1878129
2366287
2646867
2462102
2526984
2366286
2535473
2624791
2483243
2658476
2658567
2637558
2602219
2501198
2483250
2441159
2603022
1917598
2660834
2605337
2618141
2586982
2618311
2583876
2488067
2518244
2606653
2544587
2615450
2659006
2577842
2403980
1802508
2643636
2617776
2618495
2621088
2499670
1844304
2366291
2657757
2452171
2615020
2653578
2659005
1896161
2652631
2462734
2573762
2611899
2641171
2478939
2573713
2356219
1896163
2427800
2591082
2613750
2546919
2336591
2602917
2612868
2492680
2588536
2474396
2651660
2493067
2575407
2602621
2646462
1917809
2612407
2461148
2506708
2568682
2658241
2545946
2640866
2487641
2557372
2465424
2105765
2105764
2642313
2560118
2558342
2602138
2567873
2658982
2562699
2633636
2629126
2537798
2654623
2591997
2610206
2593216
2581409
2583324
2655390
2659576
2649393
2536026
2511421
2659861
2603891
2617742
2322172
2608691
2551292
2547669
2656723
2481940
2581263
2654626
1917638
2502464
2660177
2572111
2596116
2649878
2598157
2661202
2610207
2607634
2366253
2642081
2657744
2613826
2660843
2570682
1896306
2524046
2616451
2638424
2534635
2444766
2313474
2655866
2656330
2648255
2650058
2464342
2579201
2541080
2523243
2627815
2621283
2543034
2575714
2615460
2366347
2531349
2605786
2606565
2543043
2551294
2554285
2531518
1837913
2655830
2556025
2655044
2659132
2633245
2620021
2523976
2650275
2567233
2654675
2544995
2566363
2594526
2629965
2661219
2618448
2633520
2560906
2646682
2571778
2643843
2606022
2454812
2659515
2644176
2607219
2661396
1922482
2459485
2534757
2444106
2603321
2542590
2604096
2594827
2620272
2556311
2660291
2459488
2609149
2645985
2640054
2533390
2454026
2524073
2615947
2654378
2465326
1895873
2553776
2486769
2645368
2586705
2624137
2588817
2516902
2650322
2314148
2492673
2500270
2467697
2660494
2559297
2428268
2516901
2566740
2652827
2620708
2460717
2653166
2649496
2656601
2591589
2569630
2650356
2624041
2519946
2544195
2572615
2637122
2637082
2545178
2599100
2638344
2640807
2545790
2660064
2526902
2368266
2458239
2654349
2653681
2517764
2660298
2641040
2544988
2471942
2601745
2475145
2622954
2612681
2640862
2624679
2629110
2566715
2479289
2638419
2419390
2565790
2577427
2532901
2657915
2550656
2366158
2603800
2524177
2524553
2543422
2608766
2660135
2594857
2661567
2657347
2629543
2556126
2606290
2650826
2656241
2528646
2612696
2423820
2537457
2659856
2583308
2496798
2624674
2595065
2583524
2635500
2629109
2623510
2652237
2580160
2647664
2648844
2631468
2598292
2647660
2487020
2650980
2623089
2552292
2426866
2615459
2627164
2602456
2545303
2608545
2615206
2658915
2616895
1922278
2604683
2650044
1889837
2659381
2615209
2366348
2616896
2587867
2559502
2541057
1922279
2635572
2462624
2566321
2486171
2595890
2533520
2660443
2601897
2532134
2556669
2544943
2606964
2606885
2603255
2535961
2581447
2374708
2612065
2318566
2616712
2659429
2497799
2548622
2594544
2622104
2601777
2479441
2599668
2499666
1877698
2605169
2538055
2535006
2495545
2485231
2457916
2607066
2483458
2530383
2608390
2479444
2483253
2611276
2611277
2607065
2611251
2561674
2530322
2463398
2607070
2660844
2492682
2454034
2523534
2601638
2589038
2536698
2531582
2571936
2623594
2583057
2589039
2421245
2525389
2536093
2614537
2547043
2616689
2630291
2310635
2623945
2616910
2612991
2603990
2652778
2653574
2612990
2624623
2652259
2618804
2617896
2542827
2602550
2562066
2563815
2648231
2583525
2633074
2607827
2493940
2544938
2658077
2584372
2642312
2524965
2521355
2517982
2544993
2636958
2629640
2557040
2563839
2493466
2590305
2586648
2515929
2561986
2617111
2635503
2622699
2545901
2646365
2565516
2473205
2504253
2652110
2562779
2645611
2639700
2606019
2493468
2544946
2633637
2648183
2561772
2629665
2511626
2544998
2518065
2572754
2564173
2557332
2582498
2560905
2589950
2650072
2624445
2596226
2589293
2647471
2644175
2624889
2591704
2653682
2642968
2647095
2557039
2106362
2106413
2402526
2107402
2107404
2110852
2105658
2110862
2110861
2110863
2106410
2105659
1917599
1917676
2375486
2400593
2397244
1852645
1922492
2419446
1912213
1922479
1920743
1986447
1859144
2451972
1885141
2320705
1889274
1874698
2356247
2444350
1784114
2371373
1884349
1853307
2439589
1907142
2425803
2366122
2366170
2392155
2366146
1976717
2433955
2313442
2366279
2366125
2366161
2366162
2416825
2407857
1863564
2400653
2416822
2300773
1762177
1926958
1915708
2361867
2443024
2377391
2426885
2376253
2110890
2110886
2110903
2110901
2341710
2110893
2107246
2107249
2398483
2398490
2106429
2110894
2106425
2110899
2329088
2451883
1887854
1916996
2425748
2314124
1896383
1896305
2428323
2389854
2318471
2426703
2339144
1838055
2356731
2353806
1859209
2548963
2611204
2641803
2400479
2456818
2364319
1740058
1918386
1777458
2353799
2464857
1858524
1793281
2466110
2382322
2588133
2579231
2585232
2540049
2579209
2573194
1916589
2532897
2597139
2379927
2366168
2524644
2581339
2368267
1913282
2551420
2528644
2613647
2618748
2366293
2537135
2596328
2638447
2613823
2575845
2613527
2349778
2560108
2526289
1837190
1917645
2612989
2569616
2569504
2564132
2643725
2368256
2341397
1975855
2557194
2656711
2478017
2538335
2560393
2561237
2105763
2654348
2624520
2611760
2647300
2463265
2502359
2645620
2564127
2642548
2561591
2646230
2606021
2642571
2110888
2110856
2106427
2474170
2648854
2110853
2622955
2572758
2649959
2569489
2563743
2106412
2545861
2643858
2567251
2605431
2465215
2496537
2535282
2555854
2650179
2598368
2552456
2550435
2481955
2655462
2546827
2465637
1917681
2635118
2076214
2598154
2579832
2507204
1893405
1922464
2568684
1922290
2366255
2489943
2565010
2598949
2535492
1922447
2595151
2594934
2366154
2635229
2517555
1922702
2562119
2578204
2612981
2656316
2490983
1894591
2459487
2548922
2537529
2642301
2617958
2612987
2627057
2472838
2651181
2463163
2466231
2454937
2513985
2655297
1837914
2583824
1896385
2482390
1896204
2517307
2487572
2515316
2575430
1916997
2531460
2641940
2577882
2593776
2552047
2316125
2619362
2525321
2609847
2400366
2658362
2459563
2530448
2473733
2657519
2645413
2613458
2596003
2514462
2522090
1922508
2366278
2366285
2562517
2366151
2555973
2607596
2364514
2458171
2574782
2649140
2464905
2529502
2614925
2544644
2563976
2420334
2505359
2342983
2568437
2560903
2645627
2597361
2580164
2594525
2623037
2646362
2652238
2658920
2660264
2624798
2556125
2650054
2542374
1906761
2550385
2623554
2314146
2512765
2588525
2634453
2621150
1896556
2573140
1805230
2541162
2650040
2531040
2303116
2658939
2466206
2617424
2603696
2493472
2497955
2593154
2519947
2622103
2505916
2609181
2615773
2459142
2609767
2538054
2539103
2505578
2608379
2504853
2607909
2616103
2659779
2531902
2486755
2618824
2609033
2609031
2607069
2647063
2556247
2492681
2535022
2599235
2607226
2499668
2461146
2658612
2579232
2622958
2638935
2615461
2459345
2623303
2576242
2651412
2660187
2659354
2659358
2621488
2617907
2593124
2382432
2593408
2605220
2639712
2598918
2593132
2599001
2598297
2655735
2623322
2482392
2613780
2613766
2645803
2568620
2656820
2614596
2637596
2660428
2661096
2468763
2468738
2468754
2468757
2468746
2468737
2468742
2615995
2614483
2446414
2462708
2613633
2546519
2371744
2609996
2615570
2560813
2602021
2609994
2657753
2657762
2556006
2556007
2358550
2661556
2546604
2569207
2580431
2580432
2477615
1961734
2658029
2588850
2591955
2658028
2611817
2495895
2618886
1916333
2461004
2606150
2466945
2559629
2623251
2661206
2491121
2593739
2659549
2661320
2661464
2660345
2661462
2661319
2661321
2523669
2650901
2502590
2654313
2312090
2463113
2577492
2616550
2610602
2461138
2461133
2649179
2649148
2649177
2649176
2649195
2649194
2649143
2613473
2660361
2656439
2460639
2660360
2612418
2458283
2469720
2469719
2512761
2606315
2492841
2511396
2554279
2596006
2658752
2640510
2657830
2613794
2605611
2650111
2605606
2661371
2615491
2613793
2608829
2616469
2609407
2616730
2609078
2598997
2604122
2602764
2609408
2642137
2613446
2466975
2656138
2645653
2624597
2649935
2565228
2464460
2508335
2462989
2599201
2636860
2515339
2569002
2659123
2611410
2584371
2658423
2649595
2592288
2598051
2488641
2649091
2343218
2661437
2614784
2572541
2488029
2072154
2523246
1878408
2523244
2612234
2612446
2559445
2657967
2586948
2528831
2655233
2561831
2655871
2644546
2006988
2516779
2516783
2660290
2629223
2660289
2661548
2657936
2661639
2658712
2521084
2458795
2649441
2655196
2649439
2650588
2642341
2639209
2655194
2659943
2659945
2661380
2661375
2661382
2661410
2661397
2661394
2400594
2527191
2602459
1853838
2366135
2542606
2478353
2625075
2510596
2379724
2379722
2419111
2619640
2589821
2650827
2535350
2627909
2536842
2657823
2657824
2659348
2524654
2608932
2608929
1837735
1850898
2621567
2590171
2423821
2550074
2384173
2558203
2358983
2608517
2647945
2650366
1881280
2541614
2533982
2402660
2624800
1866018
1871132
2635226
2623589
2584849
2573189
2623646
2582989
2623700
2524459
2456527
2623601
1916043
2524945
2647799
2554164
2623798
2651890
2617530
2546037
2588389
2560595
2546067
2456332
2619936
2617174
2656015
2624667
2566995
2588025
2602753
2566997
2566994
2523304
2485547
2575221
2486091
2574552
2615023
2564773
2486099
2499052
2605212
2503294
2605211
2608249
2608248
2658165
2467698
2655211
2656177
2649185
2559747
2609004
2520470
2488498
2379940
2649967
2611363
2610767
2610768
2610776
2610766
2653353
2611358
2610769
2611360
2605474
2599457
2461441
2593147
2504352
2612293
2647920
2657611
2662018
2651844
2617638
2661764
2658019
2661762
2551310
2511044
2649739
2660118
2649740
2606559
2490943
2618316
2598567
2616463
2602922
2655077
1856964
2547411
2593983
2023235
2617404
2613211
2542548
2500690
2588472
2620381
1852442
2566759
2516937
2546228
2645028
2459746
2516074
2596767
2555514
2607218
2619026
2619388
2657740
2657729
2657748
2657746
2612547
2406417
1871519
2661415
2652148
2645470
2641117
2556479
2652288
2650365
2584984
2607451
2593709
2609245
2650368
2602899
2658229
2654776
2594326
2652686
2651329
2651070
2606468
2606496
2612342
2653120
2638715
2638963
2536435
2526574
2452995
2646912
2556800
2658457
2569471
2561574
2594670
2660943
2614324
2660280
2622873
2475238
2616862
2521195
2603264
2539142
2577820
2660808
2577817
2578109
2563897
2578103
2661323
2545069
2619590
2639695
2659580
2591211
2659581
2619595
2646473
2597556
2597554
2618279
2634401
2634402
2585284
2471417
2553862
2466565
2500348
2490051
2503395
2603493
2500347
2553868
2622919
2653270
2595171
2613185
2618508
2616530
2659011
2617497
2594188
2594191
2594192
2552641
2589788
2594193
2618113
2618095
2618143
2618135
2618124
2618117
2618110
2365711
2651749
2651750
2459579
2608768
2652815
2610588
2520286
2603258
2644605
2661431
2661430
2602305
2528285
2526777
2532506
2608850
2608851
2615037
2604227
2542440
2583658
2535451
2542442
2603890
2536509
2658152
2657294
2651661
2657293
2612671
2409924
2541455
2657246
2645721
2560496
2570255
2534363
2657423
2657793
2657797
2657787
2657796
2595741
2627491
2563713
2528399
2638229
2660653
2658232
2532131
2588723
2584160
2650019
2638183
2565692
2584162
2639691
2590172
2554310
2655016
2617003
2593217
2597027
2593218
2634570
2655282
2553523
2562836
2656960
2634519
2650925
2650927
2650926
2615225
2585209
2567137
2604197
2659331
2467861
2659469
2543896
2659468
2454359
2466191
2660867
2644442
2541261
2597524
2606384
2606385
2637638
2611518
2546993
2579846
2648673
2659298
2538833
2616526
2613318
2649851
2601920
2661718
2607683
2659254
2614655
2579532
2659461
2653421
2601921
2631180
2661924
2657213
2608988
2586334
2510830
2542294
2517858
2643573
2650569
2561958
2614893
2618332
2510134
2542060
2659603
2439150
2345825
1814405
1837920
2656767
2644649
2642096
2661898
2641489
2594002
2594576
2561957
2622983
2623200
2660365
2657888
2657887
2554437
2658060
2650123
2488045
2601947
2601946
2654740
2656572
2658267
2603334
2584793
2607424
2472895
2531841
2561717
2521245
2655831
2504309
2602622
2654631
2542488
2570763
2602464
2573472
2611949
2611950
2655421
2648279
2543976
2594000
2594001
2583818
2548331
2542096
2583814
2583816
2473018
2473020
2657056
2553093
2546226
2611618
2576882
2591466
2535021
2599574
2576879
2599404
2622879
2584379
2466785
2558126
2300473
2570465
2658178
2556907
2658179
2394618
2655827
2660070
2655829
2394617
2660066
2660072
2527017
2660446
2598488
2631174
2598490
2516899
2660445
2606309
2574555
2574556
2644447
2606134
2646497
1757415
2656237
2527079
2563507
2655112
2643400
2652536
2652538
2573519
2506997
2461931
2661535
2578509
2506096
2660863
2581063
2654310
2654307
2617171
2641536
2655753
2655754
2471143
2655752
2655523
2505577
2585052
2607614
2548505
2499904
2527738
2661992
2628330
2544197
2657847
2542588
2531533
2601936
2611342
2651828
2657642
2611303
2660821
2609053
2650022
2612333
2659889
2530696
2564400
2616563
2519316
2660284
2562530
2539233
2523498
2640356
2659932
2579056
2559449
2624236
2461797
2578041
2644016
2650150
2612525
2656687
2575434
2659223
2550508
2612528
2601824
2557427
2652647
2660207
2657084
2617647
2658509
2650802
2539831
2539829
2539818
2655294
2589256
2567247
2613024
2613023
2617661
2617662
2574948
2574947
2614369
2609970
2609977
2545569
2614128
2545570
2603324
2603320
1925259
2603319
2603322
2603323
2612053
2522924
2609396
2622809
2543047
2608672
2608692
2565752
2557654
2497787
2496403
2595164
2496408
2537454
2528598
2502968
2658845
2475233
2617281
2636953
2624750
2628381
2602486
2658924
2646506
2660158
2625207
2652629
2622858
2622857
2660846
2657635
2478793
2468820
2465808
2572252
2501188
2532792
2505301
2654993
2654989
2623203
2654987
2623202
2661610
2583460
2599507
2659897
2525299
2495144
2525297
2507339
2621210
2506170
2603568
2523978
2536951
2542290
2606654
2521142
2584278
2605447
2463865
2657871
2580264
2643700
2645078
2612735
2657120
2655264
2640919
2612736
2400663
2619044
2630269
2657833
2661220
2620566
2583495
2539227
2540707
2636442
2657623
2661943
2641715
2661942
2660167
2653171
2537140
1875389
1896391
1896168
2537141
2605266
2623981
2623861
1916588
2585311
2608336
1916610
2653399
2612778
2611693
2652213
2609411
2646777
2658761
1894482
1924074
2476465
2476466
2661577
2558568
2648919
2661486
2661477
2661083
2661081
2641602
2652739
2650734
2650738
1872498
2462654
2502443
2594240
2628859
2312748
2656282
2640086
2605068
2593406
2590539
2657644
2645812
2311345
2379746
2598793
2628864
2375845
2628914
2482470
2609528
2605784
2661303
2661576
2554685
2621094
2660906
2606053
2588348
2646548
2579227
2559305
2572682
2531810
2609976
2605711
2512688
2558656
2558658
2459381
2658995
2650431
2617658
2650433
2564526
2650609
2648568
2657460
2653200
2657825
2656712
2650821
2641341
2658657
2484113
2661612
2656153
2562494
2562495
2574787
2574785
2605804
2556423
2640002
2598030
2620109
2604224
2624212
2597714
2598480
2597715
2635031
2590609
2618426
2654376
2654377
2654379
2652032
2657743
2657741
2657736
2616890
2657737
2452777
2618811
2577009
2629142
2539580
2576198
2661926
2628992
2614224
2537048
2615312
2479326
2400178
2493624
2416866
2484011
2654628
2615444
2534475
2505402
2573823
2573827
2611233
2558328
2487847
2465327
2547740
2458305
2458855
2454417
2463668
2497855
2529715
2473739
2516273
2509845
2606152
2581015
2615731
2496300
2382305
2379740
2549531
2514544
2621810
2512038
2654627
2605331
2570654
2566623
2498066
1893105
2562468
2553701
2534941
2634899
2611045
2566624
2658816
2641765
2658813
2645464
2322166
2661687
2651336
2658814
2660233
2657192
2658641
2649991
2635014
2654979
2658647
2522425
2647152
2657728
2661660
2661658
2521147
2569642
2557608
2646536
2590396
2607224
2653128
2661845
2650986
2658710
2658050
2611871
2618802
2588969
2575876
2615042
2623948
2601635
2634906
2652781
1946870
2371572
2660496
2652783
2525378
2659611
2650762
2655459
2517588
2650761
2655115
2647305
2657429
2591593
2591591
2646866
2655626
2655624
2338943
2480626
2505790
2488833
2569319
2653601
2482452
2575110
2497258
2457034
2610803
2570221
2657115
2553724
2570214
2659474
2646731
2652193
2646729
2652614
2655415
2655414
2638276
2659931
2661606
2659928
2610508
2451892
2451891
2451881
2451900
2451887
2451884
2451898
2661103
2580613
2588017
2580612
2578148
2551699
2480477
2553394
2459490
2652760
2658037
2604841
2594856
2658776
2645534
2582212
2658513
2658515
2646127
2638519
2582465
2605628
2603371
2598744
2602169
2602167
2619428
2619427
2660351
2650931
2641804
2657858
2482276
2593767
2606457
2602650
2658827
2644688
2539545
2516979
2659416
2517830
2624161
2621417
2588814
2523707
2539756
2535967
2553272
2602412
2648716
2537847
2629539
2530106
2657918
2657805
2507653
2638426
2490979
2583069
2636844
2608259
2651527
2542849
2634857
2504849
2661844
2661843
2642349
2650063
2550357
2650313
1917635
2341510
1917680
1922483
1922478
2379602
1917641
2637354
2622505
1917762
1917586
1920124
2539066
1863002
2535829
1922493
2485158
2485160
1922480
2508684
1920744
1917644
2511294
2616010
2653562
2594138
2654361
2654648
2659751
2659143
2659144
2307656
2561513
2660952
2623718
2654592
2598293
2623796
2627146
2515993
2639206
2568595
2623229
2563788
2470584
2603929
2544957
2490830
2568115
2634943
2571773
2643085
2517961
2544973
2647770
2559816
2567866
2647167
2647772
2557797
2623636
2558178
2597043
2617117
2648338
2545398
2594527
2612420
2622702
2110855
2649868
2633871
2612419
2544931
2558671
2563724
2566714
2647255
2561497
2564174
2643862
2628624
2645268
2597638
2629964
2518049
2501612
2544994
2618443
2557053
2516088
2452220
2593481
2632770
2099280
2660478
2603448
2528857
2650082
2601807
2614697
2523450
2640276
2654532
2628301
2636489
2612667
2461039
2555236
2532904
2531236
2524093
2643089
2548621
2555599
2544106
2609075
2650017
2580622
2592931
2641913
2642298
2514539
2614719
2593593
1773347
2609032
2582491
2614164
2609073
2568129
2628627
2650586
2517983
2545087
2642846
2614737
2561989
2628251
2620426
2582219
2562375
2559452
2469993
2545926
2622705
2562061
2647661
2544959
2562462
2563250
2566716
2654670
2557719
2658080
2562461
2655274
2545040
2652239
2589569
2625067
2585706
2561097
2545844
2618076
2561083
2562458
2545402
2651504
2643726
2589101
2561081
2661254
2613523
2545401
2107406
2595096
2107242
2647759
2563717
2562065
2557102
2632837
2518160
2621960
2577126
2649771
2631580
2656244
2660211
2660440
2659646
2660438
2660439
2622634
2589938
2622957
2560986
2545925
2618900
2611239
2471944
2545003
2557807
2560907
2545078
2617288
2556787
2589579
2659516
2583527
2560713
2595984
2631472
2563248
2637608
2629638
2622688
2582497
2560908
2613581
2580163
2562780
2643280
2622708
2564196
2544282
2633518
2511743
2601617
2661664
2605854
2533852
2544996
2560392
2628047
2506350
2643632
2566069
2584376
2647789
2623591
2649958
2568495
2572387
2616200
2545070
2563773
2545011
2579077
2607824
2648176
2602704
2511746
2623791
2601744
2494124
2647489
2655275
2560141
2637602
2564533
2551747
2557334
2610064
2545970
2568119
2560862
2645836
2645878
2647479
2622709
2557364
2589937
2544940
2558136
2563056
2659000
2544990
2545017
2544986
2577123
2490042
2598486
2560894
2661252
2563249
2518804
2622487
2563853
2632842
2567864
2573763
2581450
1896302
2642354
2655747
2661923
2637663
2623225
2544773
2522922
2474903
2543140
2511854
2561341
2532534
2660199
2374329
2662061
2617641
2582444
2616600
2353805
2481954
2619495
2660677
2654590
2573165
2615662
2659009
2467960
2514780
2659921
2639389
2613668
2582768
2483235
2502600
2634666
2475804
2650432
2531314
2576658
2604549
2655718
2605894
2584827
2569227
2562832
2491011
2481533
2573179
2565252
1749250
2641391
2615942
2662247
2570862
2561954
2608381
2361862
2605860
2641200
2579199
2461150
2606431
2573273
2574997
2567729
2659839
2610426
2539241
2641413
2649403
2526779
2599688
1872712
1815644
2607225
2599635
2638339
2616609
2530119
2621011
2650766
2656309
2444212
2640615
2537443
2617353
2659608
2638043
2623977
2589035
2368269
2573979
2582480
2562834
2606462
2650783
2661377
2565671
2500966
2595771
2528601
2461180
2652162
2654653
2541086
2661365
2641603
2461929
2623023
2517501
2420332
2646465
2530141
2651010
2581257
2650664
2662249
2542491
2484220
1871341
2642335
2478287
2517034
2641411
2657901
2603651
2578344
2599617
2557907
2457953
2504030
2530323
2575233
2609991
2642072
2476519
2619177
2544505
2578394
2535131
2568865
2461181
2538051
1917812
2599202
2580564
2637586
2662062
2661405
2616897
2618138
2457220
2659352
2658879
2310358
1762374
2570541
2662145
2543915
2616646
2484174
2557613
2531903
2652759
2577493
2635108
2550358
2661229
2659602
2661367
2611470
2528600
2573150
2614923
2612064
2647646
2628187
2612670
2454047
2659909
2488322
2573172
2603803
2660636
2614344
2515160
2649387
1917811
2557046
2575256
2466756
2642680
2555813
2614553
2650795
2658726
2605419
2621205
2621203
2621206
2637083
2657298
2651432
2591518
2574830
2573199
2603974
2565412
2573202
2573275
2573990
2588748
2615674
2586317
2537185
2575633
2573191
2571680
2617635
2578140
2578965
2456290
2523643
2562207
2488723
2555020
2523647
2505917
2590862
2482425
2585067
2527404
2661472
2661890
2659898
2645114
2541674
2566739
2566738
2614921
2640793
2643756
2548695
2549234
2657281
2660688
2655385
2655386
2465809
2607310
2590233
2465810
2662005
2643782
2643784
2643781
2652097
2612970
2656798
2535535
2553149
2608648
2650551
2596161
2546884
2620647
2624245
2638182
2649068
2620506
2644455
2612415
2612417
2662101
2465773
2621984
2660201
2660204
2660203
2660198
2615299
1796228
2347645
2452996
1926941
2367945
2645088
2577797
2554484
2551419
2556182
2579200
2591741
2500324
2634665
2557049
2584763
2584771
1936989
2584768
2584770
2642178
2662033
2563485
2459232
2459228
2597997
2563978
2544281
2510099
2544778
2662057
2565146
2621466
2552629
2662049
2604121
2584821
2580115
2334766
2549843
2607274
2345742
2613137
2609792
2604120
2375487
2395973
2543142
2585979
2585977
2619351
2586899
2507586
2661997
2662037
2657947
2657949
2621575
2485969
2485972
2515269
2495098
2622095
2647200
2605696
2560694
2605693
2660953
2660946
2660950
2660955
2649313
2661335
2655091
2654583
2656545
2666097
2666099
2666089
2664433
2662571
2585715
2606438
2669125
2669126
2669123
2669124
2669122
2663108
2594724
2664854
2638497
2669154
2663825
2663824
2611511
2669541
2663607
2665110
2668359
2668381
2563848
2562576
2652977
2633455
2556782
2521358
2599304
2599659
2668661
2480034
2662064
2662065
2666176
2663967
2663968
2662580
2649192
2669498
2664109
2669067
2669065
2649584
2667489
2645234
2561316
2566182
2493728
2645802
2668906
2556784
2668741
2105657
2493692
2658188
2585595
2624866
2506348
2621872
2561113
2668043
2562225
2668693
2624146
2563767
2668045
2563705
2556779
2666865
2668579
2607493
2667803
2665381
1874854
2661390
2567660
2661931
2432090
2617653
2668638
2571213
2565147
1916816
2665210
2669318
2664130
2655015
2655346
2665813
2666954
2667667
2588988
2614598
2583514
2511261
2539102
2633316
2573830
2656571
1858891
2461477
2669441
2656393
2581618
2478289
2499589
2602292
2668860
2668508
2668844
2662699
2669095
2649432
2669093
2668542
2612274
2669489
2604123
2662880
2659686
2649950
2633305
2669554
2664756
2664755
2668986
2490241
2300987
2613583
2648148
2367166
2669484
2669478
2669468
2590322
2634494
2665148
2665147
2662425
2622213
2622208
2665234
2665228
2665231
2665230
2666119
2665233
2663970
2668253
2661400
2661401
2661408
2661393
1814162
2548785
2366165
2666079
2666080
2665912
2666117
2665251
2665253
2666484
2667405
2607123
2544194
2576115
2530893
1872199
1895986
2665028
2669447
2669449
2550695
2599233
2463402
2607911
2528647
2512754
2483248
2609772
2528643
2526901
2515252
2497293
2665628
2504342
2669612
2663179
2668137
2665553
2650477
2659517
2665289
2665287
2638088
2663125
2668268
2667353
2667735
2665161
2664838
2627926
2662433
2665819
2663715
2669119
2669120
2669088
2557989
2669629
2662448
2599101
2611728
2578205
2578208
2666400
2610418
2650330
2615672
2619009
2613586
2666916
2590977
2668726
2666967
2668727
2532504
2589084
2666125
2664427
2668040
2668331
2668038
2666037
2669013
2305006
2501646
2501647
2566263
2501645
2585584
2668841
2602175
2608549
2528932
2544745
2666271
2563715
2667925
2609982
2666268
2594765
2554871
2645252
2662083
2662172
2666399
2662171
2669382
2665818
2609405
2668540
2667672
2666257
2667411
2666485
2667413
2666254
2666563
2668181
2623227
2659501
2639625
2662579
2618085
2669570
2669573
2669571
2669576
2549654
2665852
2665853
2667920
2667046
2664623
2664621
2669606
2665392
2668519
2609743
2665390
2662932
2662935
2662925
2662934
2662926
2662933
2664390
2666796
2665394
2644444
2598764
2598765
2667605
2554586
2611792
2567205
2666951
2532114
2664638
2659329
2593213
2659800
2667379
2665909
2556022
2548166
2615007
2665815
2662801
2634288
2659566
2664428
2662394
2517058
2596633
2667283
2642391
2642390
2521265
2648785
2522634
2583471
2662839
2580493
2586727
2669353
2542660
2650038
2640746
2647147
2643148
2659571
2515833
2669153
2640064
2647786
2511287
2662795
2669282
2643824
2585070
2662921
2618822
2570507
2554240
2607305
2662574
2665036
2665034
2588209
2584007
2665855
2662817
2669405
2669402
2662791
2664128
2662981
2667360
2666309
2669486
2662297
2669596
2662980
2664963
2551295
2528602
2595167
2528596
2551278
2488789
2666755
2666765
2666764
2666758
2666752
2666760
2665512
2666327
2664460
2667134
2667037
2667518
2665209
2667593
2667595
2667003
2666417
2666864
2666469
2666470
2666863
2669397
2548269
2667780
2617108
2645077
2580335
2567507
2666227
2668698
2668916
2668541
1978035
2611694
2666507
2666481
2662973
2669116
2667035
2668057
2665963
2668056
2662878
2668103
2668099
2668094
2668108
2668104
2668093
2668097
2668096
2668106
2664595
2598402
2640335
2625122
2604644
2662776
2371372
2598795
2608246
1794847
2664593
2617121
2665543
2669166
2614167
2611933
2469711
2617651
2585092
2616558
2578230
2663611
2597649
2609584
2662428
2662504
2663021
2665622
2662513
2662516
2669018
2662514
2666179
2663063
2663066
2666178
2649066
2668075
2612734
2615502
2664122
2664133
2669545
2668959
2464854
2452172
2392586
2529710
2475175
2458474
2344566
2387099
2454585
2529711
2658343
2480954
2518046
2609511
2529760
2496541
2598358
2573833
2529383
2529712
2525381
2375474
2528286
2634731
2661686
2669383
2668261
2667900
2668758
2658644
2658638
2621108
2668615
2577054
2570596
2559304
2645676
2564019
2536621
2666023
2666027
2669409
2669404
2666788
2669408
2669406
2668859
2606054
2575877
2635574
2603991
2610490
2661484
2662517
2635252
2662923
2669530
2521742
2665552
2563254
2477368
2664659
2669588
2664632
2668591
2662788
2612513
2662792
2665260
2605852
2669631
2665032
2669624
2511754
2669820
2669822
2669821
2667116
2500965
2570856
2588987
2605553
2602289
2649857
2669384
2669385
2494037
2649373
2530258
2606977
2606976
2536181
2577138
2633775
2668707
2664719
2669233
2664718
2669032
2561036
2597973
2649750
2668467
2628157
2665956
2535209
2629542
2606459
2664928
2664834
2603555
2616241
2640809
2665247
2663662
2617685
2517834
2668762
2668452
2504418
2638422
2668449
2649758
2662847
2668759
2667501
2407473
2420339
2356747
2656328
2618388
1917610
1917642
1917759
1918050
2508685
2515165
2514201
1875297
1917639
2318563
2379594
2312581
2531482
2662737
2666711
2668507
2546606
2616739
2616738
2642296
2589463
2563527
2550706
2546767
2406386
2406377
2657414
2510812
2572018
2647581
2572020
2647580
2578545
2521126
2578099
2578345
2525371
2585840
2585436
2561079
2566813
2606119
2606652
2500946
2506268
2602216
2605529
2518346
2598948
2452162
2663133
2666319
2666047
2666315
2561270
2665205
2650742
2649904
2589951
2645625
2471933
2572310
2563778
2629284
2651445
2647316
2630088
2556851
2584370
2492471
2564372
2618074
2560834
2560206
2646277
2655241
2668909
2643845
2624423
2621870
2668183
2668848
2665528
2664402
2543914
2666971
2649931
2668689
2667901
2669642
2669638
2667899
2669639
2669183
2669640
2663598
2669643
2669134
2573200
2588681
2575017
2593675
2606439
2573176
2663917
2573161
2665786
2644342
2669242
2575831
2573169
2580037
2666160
2518324
2667228
2668138
2662577
2664459
2664405
2544091
2664403
2643527
2643525
2663822
2667805
2667808
2667769
2483192
2665026
1916999
2651510
2669398
2669225
2669036
2624247
2652817
2669536
2668316
2347646
2505112
2617098
2666236
2666237
2665211
2665212
2667095
2539957
2563693
2469853
2669803
2628430
2570050
2599299
2637000
2615772
2669762
2612746
2618977
2668813
2592711
2518271
2557651
2478286
2599160
2666017
2528608
2543419
2667775
2668761
2558338
2598478
2565312
2666426
2610946
2638225
2616674
2669040
2488144
2627490
2565188
2454587
2660984
2607064
2669601
2537139
2607063
2663838
2613713
2666063
2462738
2639623
2659283
2668896
2515506
2663661
2667318
2576942
2638042
2621470
2523533
2647449
2610675
2647138
2641918
2669066
2356122
2638800
2636253
2402457
2661021
2399369
2593155
2564287
2366141
2649137
2643542
2644340
2548778
2511485
2529971
2536931
2541078
2540702
2629544
2606593
2458244
2461862
2488065
2543577
2666694
2573193
2562441
2618823
1917244
2666035
2662246
2565310
2660498
2602019
2609581
2638184
2574903
2655051
2464338
2529946
2609985
2666393
2533867
2493609
2655014
2643122
1922289
2603444
2617058
2665519
2643540
2635722
2666899
2602766
2592602
2636584
2652985
2529135
2564996
2507035
2565139
2615581
2585121
2665778
2607277
2564991
2544697
2609837
2533324
2665779
2565751
2564998
2618412
2582938
2544942
1874694
2368268
2524557
2665029
2668785
2558320
2407547
2664957
2668799
2665649
2665648
2663851
2663850
2654484
2665207
2646148
2664502
2669759
2667571
2670880
2669716
2665202
2669715
2611791
2665254
2617637
2655918
2522573
2596227
2561703
2585387
2503652
2647301
2621808
2629664
2655383
2558387
2653712
2562047
2665954
2667374
2670600
2671049
2649144
2670904
2554428
2510132
2646894
2670546
2670547
2504933
2425757
2593960
2670663
2556249
2670953
2455236
2561676
2514187
2550694
2505576
2670954
2483249
2634891
2622774
2670965
2486141
2561672
2670966
2609560
2669709
2670500
2670421
2670423
2669717
2670162
2670856
2670852
2670855
2669801
2528176
2521068
2601894
2646470
2614516
2509468
2529163
2612187
2627800
2670123
2670122
2667966
2669014
2669012
2565694
2551258
2638188
2665214
2541053
2524176
2526539
2591993
2609848
2669790
2666013
2668736
2669410
2623870
2641487
2670931
2667337
2609744
2670340
2661285
2493499
2483242
2652158
2662392
2617320
2492309
2662393
2669708
2597462
2666360
2569218
2650018
2670579
2518729
2663490
2663837
2670619
2662063
2662337
2668499
2667574
2563709
2659689
2561531
2632904
2633519
2475503
2647859
2563806
2469850
2617387
2648846
2669656
2665208
2551091
2323045
1914013
2667710
2605857
2668827
2640084
2459161
2649156
2669480
2573167
2670654
2454561
2543130
1893456
2472979
2669115
2661402
2585778
2615941
2565144
2665401
2580621
2661404
2539827
2557415
2665400
2491937
2488030
2602919
2490240
2669739
2642370
2668886
2628710
2667520
2669776
2613816
2451966
2437738
2483252
2497800
2609762
2505605
2507432
2599237
2507430
2534854
2528637
2613820
2665523
2669714
2637597
2546404
2637594
2669712
2616189
2638500
2557196
2669773
2671457
2648521
2671230
2671228
2671232
2671233
2627647
2669226
2634289
2670535
2662714
2669556
2671184
2394477
2669473
2669481
2621013
2669479
2492582
2671439
2671436
2670643
2670644
2661381
2661413
2661398
2366137
2424141
2541056
2486673
2611778
2424142
2562406
2589754
2483459
2528987
2564860
2483245
2531313
2671314
2671312
2671523
2596663
2427510
2641777
2668326
2666038
2611626
2651232
2666270
2666390
2607260
2581365
2527279
2586621
2666019
2668828
2668829
2667018
2644651
2645329
2671216
2664697
2668521
2671433
2671424
2444143
2461932
2583240
2615435
2493409
2643414
2637603
2637337
2562918
2598231
2561903
2516073
2628562
2624850
2668913
2656273
2575532
2567617
2652449
2622311
2582971
2632710
2563535
2607294
2615677
2344755
2573173
2511290
2670995
2494439
2611043
2623979
2593816
2671053
2630440
2608814
2470909
2605996
2666016
2531414
2671229
2650043
2650002
2647144
2647142
2661406
2662098
2658731
2610378
2480310
2631464
2665857
2667361
2662794
2613637
2669766
2669763
2670899
2609594
2558341
2492577
2669823
2598167
2536177
2655588
2609017
2671382
2669789
2671066
2671376
2670418
2671377
2670343
2667779
2669727
2670324
2671513
1896214
1875388
1896172
2668869
1891500
2304707
2670480
2670925
2670927
2472851
2642069
2550020
2654780
2550705
2608522
2375522
2330333
2668715
2595159
2669053
2669698
2629980
2671003
2671374
2605257
2670592
2670432
2670948
1848997
2670243
2646242
2671063
2504414
2504029
2462735
2467959
2426638
2454563
2608752
2612233
2669477
2569710
2663418
2620512
2653714
2616898
2671073
2589037
2670534
2665787
2536140
2664661
2460191
2610116
2668451
2610278
2332128
2577490
2602062
2669011
2454558
2492674
2484171
2488069
2668511
2593905
2666915
2486074
2623653
2670963
2668716
2310633
2643087
2497249
2468988
2565184
2575427
2617636
2663658
2604643
2490565
2614722
2670830
2565000
2605519
2551288
2670499
2669063
2604648
2665889
2573804
2671360
2624136
2667073
2670641
2670613
2563207
2664504
2651784
2648251
2622678
2548786
2667392
2670615
2614126
2664379
2662775
2670670
2662550
2666162
2665919
2629203
2336273
2662548
2588353
2671493
2670679
2668670
2670661
2658833
2605810
2598031
2671069
2338870
2668064
2454577
2638082
2549990
2618330
2564227
2573828
2488061
2666446
2594967
2605330
2486173
2670387
2653719
2670612
2669707
2670824
2663926
2671122
2664907
2671125
2670516
2518341
2575710
2540067
2584009
2671087
2670870
2670874
2671089
2671086
2507234
2671088
2670213
2623590
2646972
2610503
2629323
2454465
2670211
2618805
2618585
2660563
2664663
2629153
2670379
2519804
2478982
2566283
2671253
2671254
2535072
2603893
2667122
2670944
2671423
2670239
2668509
2488793
2570688
2588819
2634394
2562237
2620645
2568697
2537073
2667707
2622367
2446583
2412003
2664515
1917808
1922509
1917636
1922287
2671773
2670121
2670713
2529265
2671517
2568533
2557038
2452571
2656380
2668695
2633461
2558137
2473200
2563932
2516027
2516010
2647145
2668902
2671117
2627645
2661641
2605578
2454918
2504851
2573825
2670424
2669074
2670957
2670967
2663840
2670339
2530380
2663960
2424140
2553797
2645596
2505361
2670238
2646974
2670416
2618329
2535705
2663665
2669745
2583424
2578342
2669641
2579208
2611787
2573098
2575634
2661023
2573175
2667490
2617361
2670490
2553389
2671706
2620562
2620510
2633529
2669550
2546834
2663654
2632912
2653162
2662715
2671375
2553266
2487589
2528607
2668503
2671002
2667079
2661412
2517007
2574584
2525867
2497856
2664920
1922610
2569384
2590572
2662796
2496481
2614225
2547189
2643961
2664855
2637598
2553910
2671867
2671864
2674670
2674669
2674594
2672894
2672895
2672183
2671766
2671767
2672106
2672932
2672104
2672108
2495630
2599662
2338995
2607807
2313559
2335041
2614721
1754929
2530180
2612701
2674085
2674019
2674227
2673870
2674141
2673789
2673292
2673542
2674104
2674322
2674261
2674080
2673740
2673958
2673316
2673738
2673442
2673774
2674150
2674180
2674212
2673808
2673974
2673917
2674182
2673561
2673392
2674370
2674198
2674097
2673317
2673264
2673408
2673241
2673686
2673339
2673548
2673723
2673458
2673712
2673409
2674143
2673496
2673419
2674431
2673566
2673489
2674230
2673880
2673729
2673428
2674273
2673798
2673614
2673830
2673336
2673455
2674366
2674345
2674340
2673718
2673276
2673532
2674034
2673444
2674445
2673881
2673666
2673762
2674288
2673967
2674388
2674351
2673696
2673270
2674022
2674448
2673412
2673493
2674055
2673631
2673584
2673310
2673238
2673721
2673987
2674165
2674454
2674101
2674242
2673976
2674239
2674420
2674042
2674216
2673720
2674170
2673425
2673521
2673767
2674195
2673730
2673475
2673363
2673629
2674175
2673349
2673404
2673907
2673326
2673804
2673936
2673237
2674210
2673695
2674071
2673341
2673397
2673468
2673251
2673922
2674256
2673528
2673698
2673805
2674453
2674161
2673328
2674076
2674070
2673350
2673700
2673638
2673388
2674324
2674123
2674069
2674409
2673536
2673424
2673356
2673355
2674414
2673567
2673840
2674090
2674114
2673923
2673589
2673314
2673777
2674435
2673960
2674424
2673544
2674089
2674451
2673239
2674405
2673372
2673980
2673481
2673711
2674106
2673874
2671297
2673577
2674332
2674017
2673240
2673421
2674103
2673888
2673913
2673227
2674459
2673841
2673394
2673278
2671828
2671829
2671821
2671699
2672514
2669471
2671897
2671895
2671600
2661411
1838742
2672233
2530892
2611780
2517287
2575729
2527772
2617818
2672153
2672152
2672151
2672149
2504411
2483247
2485230
2561669
2613825
2671762
2671764
2672973
2672619
2671597
2672360
2672362
2673083
2673084
2658797
2584711
2632711
2625079
2674687
2674527
2656274
2674587
2674547
2674623
2587200
2643081
2667606
2674600
2674631
2674607
2674567
2656378
2633864
2674634
2658506
2674574
2674699
2674549
2617736
2674571
2674637
1978094
2561556
2674550
2674596
2674618
2066668
2301300
2617286
2669240
2654610
2392617
2674537
2671077
2673088
2673596
2673555
2673697
2539230
2673915
2673785
2673959
2673432
2673569
2674201
2673513
2674464
2544816
2664098
2575341
2673690
2673637
2673430
2673602
2593003
2374707
2672043
2673903
2540780
2674310
2674316
2674363
2673457
2673446
2643096
2665178
2672172
2529038
2674247
2673357
2592414
2674147
2673999
2536142
2673380
2674151
2673500
2514541
2583238
2551289
2674024
2673734
2674338
2673411
2674135
2673576
2664666
2673693
2621822
2648470
2374602
2569049
2673957
2668538
2674376
2673516
2673620
2666430
2674306
2674188
2672786
2674320
2671830
2673065
2673406
2674283
2674287
2673996
2673485
2674095
2603532
2632734
2674408
2629977
2673603
2673952
2674206
2605417
2627160
2674132
2672240
2674369
2673288
2673362
2674402
2674016
2669552
2673669
2673931
2673054
2638227
1844300
2673325
2673628
2671358
2673802
2673944
2674196
2673261
2673086
2673470
2673324
2623043
2673951
2673535
2672719
2673787
2546320
2487845
2673839
2603201
2673306
2673290
2672730
2674051
2673259
2674208
2674025
2671775
2674270
2674167
2536027
2673703
2611849
2605551
2673254
1917758
2529508
2673597
2674109
2661481
2673518
2673665
2673407
2673760
2549398
2674215
2609379
2673375
2674260
2673964
2674391
2673079
2674286
2452199
2672732
2670840
2537047
2673846
2674415
2673332
2672877
2674349
2673716
2674129
2674160
2674031
2470378
2673687
2673436
2673471
2673379
2674503
2524183
2674400
2673643
2655623
2544782
2650659
2671639
2668464
2674059
2672039
2673727
2674308
2674074
2673253
2674162
2673742
2673823
2674172
2673245
2609765
2673587
2530105
2673582
2673780
2673914
2673609
2673387
2673370
2673373
2644552
2674146
2674192
2673522
2674379
2624241
2674463
2672376
2674096
2671733
2673441
2673448
2674221
2666613
2671832
2670998
2542747
2671931
2634724
2671789
2671749
2671747
2671195
2671955
2630446
2671662
2671661
2671659
2667962
2672062
2581369
2667922
2667070
2559743
2672635
2672633
2672629
2672631
2672045
2672047
2505926
2671115
2666862
2673078
2673077
2671836
2665516
2671826
2671823
2672812
2484810
2671950
2672934
2672179
2672178
2640440
2665529
2660745
2672222
2669764
2671884
2459160
2464197
2671715
2673203
2671920
2673037
2671380
2672224
2673072
2593647
2672081
2672058
2672884
1887000
1838596
2671126
2672769
2671887
2671883
2671885
2671888
2671892
2671889
2593768
2336280
2590237
2588421
2556640
2672469
2671845
2672935
2671744
2478599
2638971
2487843
2608812
2672699
2399405
2345680
2488063
2473736
2672407
2614842
2554826
2672214
2672165
2672964
2539837
2607475
2672101
2673190
2672182
2624619
2671460
2672065
2672436
2672391
2538570
2671406
2652254
2542676
2672953
2608855
2667076
2640068
2638420
2672230
2641410
2318365
2608882
2648248
2531462
2531458
2674470
2616672
2642297
2673048
2673050
2561037
2674629
2573297
2669860
2661661
2627817
2674615
2674706
2624145
2674592
2669653
2669655
2674591
2674614
2674654
2568127
2674590
2628048
2672970
2673220
2674627
2672381
2641453
2674689
2674553
2674642
2674621
2674551
2674569
2572388
2650527
2674556
2674681
2674624
2652413
2672728
2672723
2672722
2672702
2672690
2672717
2672681
2672684
2561339
2635648
2640291
2668825
2665027
2672777
2672796
2671381
2672795
2674675
2674608
2382323
2674530
2674579
2674535
2674633
2568183
2003564
2674655
2672893
2003423
2302485
2674625
2066659
2674563
2669651
2674703
2674663
2647676
2674529
2674679
2674694
2674632
2674650
2316022
2674690
2583066
2673374
2673855
2607276
2663413
2673507
2674362
2673282
2673465
2674353
2666918
2674148
2673262
2674315
2673837
2674375
2674062
2674107
2673295
2670726
2556684
2673361
2551290
2674250
2668868
2673647
2670678
2673351
2673854
2674290
2672794
2673087
2674081
2673867
2673232
2477020
2673585
2673803
2673769
2482393
2674381
2527600
1875386
2488142
2673835
2674035
2577487
2673269
2669037
2673646
2518469
2541973
2673571
2673694
2674048
2674238
2674064
2671943
2674252
2673630
2670301
2674280
2673234
2671848
2548784
2673680
2542309
2662680
2672567
2673732
2673541
2673991
2674458
2673414
2674002
2673506
2553084
2672726
2549407
2674267
2673726
2673354
2673445
2673607
2673710
2523075
2673673
2674169
2633600
2674361
2672231
2674313
2674360
2673309
2605413
2673319
2674291
2673776
2674152
2487587
2673651
2673857
2673580
2674118
2674428
2674441
2673456
2622366
2562833
2673779
2673927
2673652
2673908
2674015
2671001
2674049
2674027
2673348
2671205
2671641
2673469
1871098
2669156
2674309
2618827
2673871
2673401
2673791
2673512
2673263
2673772
2673648
2673335
2673965
2588985
2674243
2670950
2673904
2674253
2673327
2622490
2672372
2565142
2661772
2673625
2670945
2673296
2673268
2663412
2673945
2666269
1923340
2673562
2674098
2674028
2673608
2673472
2674063
2613639
2673969
2607939
2640274
2654783
2667918
2636219
2672402
2668502
2560107
2670902
2672102
2670498
2615945
2635346
2649376
2641861
2674562
2659456
2674542
2674668
2674628
2674704
2673216
2646800
2674688
2674648
2674647
2674673
2674672
2674572
2674691
2674659
2674646
2674586
2674678
2621345
2674697
2674582
2674583
2674560
2674664
2674573
2564170
2674545
2672729
2671552
2621220
2559800
2669348
2638592
2612906
2670693
2614720
2662681
2671565
2658846
2671868
2671869
2671870
2671866
2672949
2654760
2672891
2630035
2671798
2671797
2675050
2674961
2674960
2674958
2674962
2668079
2669746
2674576
2659509
2493619
2674538
2576212
2675114
2675102
2675106
2671768
2674838
2669155
2539258
2513719
2644941
2674246
2674292
2674226
2674434
2674077
2674348
2673749
2674311
2673947
2673523
2673649
2673981
2673274
2673765
2673266
2674419
2674181
2674124
2674450
2674233
2673422
2673524
2673615
2673449
2673893
2674346
2674052
2674133
2673689
2674102
2673707
2673333
2673616
2674350
2673926
2674373
2674164
2673636
2673993
2673359
2673635
2674005
2673331
2673961
2673517
2673800
2673940
2673402
2673795
2673925
2673484
2673820
2674174
2673478
2674229
2673619
2674262
2673510
2673670
2673283
2673815
2673878
2673246
2673761
2673758
2674279
2673293
2674128
2674425
2673311
2673368
2673733
2674236
2673701
2674314
2674056
2674232
2674004
2673725
2673872
2673488
2674060
2673859
2674011
2674263
2673565
2673735
2673905
2674012
2673750
2673557
2673845
2673595
2673563
2673386
2673369
2673279
2674047
2674297
2674321
2674130
2673384
2673984
2673413
2673751
2674296
2673447
2673490
2673579
2674187
2673410
2673688
2673918
2674120
2673435
2673601
2673486
2672418
2669483
2672416
2674888
2663387
2638417
2485229
2674944
2673089
2670427
2674539
2674653
2557801
2674656
2674599
2661662
2301294
2674636
2610233
2663457
1851079
2674620
2674649
2674598
2621339
2496851
2674245
2674284
2673552
2673992
2492859
2673303
2674389
2673768
2673748
2673935
2674898
2674218
2673057
2664095
2674427
2673752
2674317
2634455
2673438
2668900
2461930
2674891
2673773
2649874
2673364
2673242
2673622
2673793
2673477
1837890
2674191
2673592
2571237
2674851
2667332
2673856
2674207
2672181
2556019
2671947
2644862
2674937
2674941
2461184
2672223
2669793
2670414
2674934
2605265
2675039
2567728
2660875
2645034
2387259
2558969
2496305
2668505
2668652
2675041
2675061
2659910
2645713
2672100
2514599
2674824
2675060
2552862
2663649
2675144
2663667
2637812
2531464
2514464
2563470
2674695
2518024
2561040
2674700
2674566
2674602
2469851
2667111
2674635
2625184
2645598
2674612
2669982
2647276
2674639
2674605
2674558
2674533
2674645
2674588
2674578
2500024
2561720
2496167
2667083
2672687
2662543
2669230
2669549
2672899
2632736
2675012
2662713
